peptide,cutoff_used,taxon_id,taxon_name,taxon_rank,domain_id,domain_name,realm_id,realm_name,kingdom_id,kingdom_name,subkingdom_id,subkingdom_name,superphylum_id,superphylum_name,phylum_id,phylum_name,subphylum_id,subphylum_name,superclass_id,superclass_name,class_id,class_name,subclass_id,subclass_name,superorder_id,superorder_name,order_id,order_name,suborder_id,suborder_name,infraorder_id,infraorder_name,superfamily_id,superfamily_name,family_id,family_name,subfamily_id,subfamily_name,tribe_id,tribe_name,subtribe_id,subtribe_name,genus_id,genus_name,subgenus_id,subgenus_name,species_group_id,species_group_name,species_subgroup_id,species_subgroup_name,species_id,species_name,subspecies_id,subspecies_name,strain_id,strain_name,varietas_id,varietas_name,forma_id,forma_name
EVGKDLLAYV,,592978,Mediterraneibacter faecis,species,2,Bacteria,,,1783272,Bacillati,,,,,1239,Bacillota,,,,,186801,Clostridia,,,,,3085636,Lachnospirales,,,,,,,186803,Lachnospiraceae,,,,,,,2316020,Mediterraneibacter,,,,,,,592978,Mediterraneibacter faecis,,,,,,,,
ALHHPNVAEK,,1224,Pseudomonadota,phylum,2,Bacteria,,,3379134,Pseudomonadati,,,,,1224,Pseudomonadota,,,,,,,,,,,,,,,,,,,,,,,,,,,,,,,,,,,,,,,,,,,,
SKPTVSSALELK,,40674,Mammalia,class,2759,Eukaryota,,,33208,Metazoa,,,,,7711,Chordata,89593,Craniata,8287,Sarcopterygii,40674,Mammalia,,,,,,,,,,,,,,,,,,,,,,,,,,,,,,,,,,,,,,
DQLEEEEEAK,,33208,Metazoa,kingdom,2759,Eukaryota,,,33208,Metazoa,,,,,,,,,,,,,,,,,,,,,,,,,,,,,,,,,,,,,,,,,,,,,,,,,,
LYAGDNEEQEK,,314293,Simiiformes,infraorder,2759,Eukaryota,,,33208,Metazoa,,,,,7711,Chordata,89593,Craniata,8287,Sarcopterygii,40674,Mammalia,,,314146,Euarchontoglires,9443,Primates,376913,Haplorrhini,314293,Simiiformes,,,,,,,,,,,,,,,,,,,,,,,,,,,,
ALALHHPNVAEK,,1224,Pseudomonadota,phylum,2,Bacteria,,,3379134,Pseudomonadati,,,,,1224,Pseudomonadota,,,,,,,,,,,,,,,,,,,,,,,,,,,,,,,,,,,,,,,,,,,,
NAGEVTYADAHK,,6236,Rhabditida,order,2759,Eukaryota,,,33208,Metazoa,,,,,6231,Nematoda,,,,,119089,Chromadorea,,,,,6236,Rhabditida,,,,,,,,,,,,,,,,,,,,,,,,,,,,,,,,
MTLTDQVNCPE,,40674,Mammalia,class,2759,Eukaryota,,,33208,Metazoa,,,,,7711,Chordata,89593,Craniata,8287,Sarcopterygii,40674,Mammalia,,,,,,,,,,,,,,,,,,,,,,,,,,,,,,,,,,,,,,
HLVDEPQNLLK,,35500,Pecora,infraorder,2759,Eukaryota,,,33208,Metazoa,,,,,7711,Chordata,89593,Craniata,8287,Sarcopterygii,40674,Mammalia,,,314145,Laurasiatheria,91561,Artiodactyla,9845,Ruminantia,35500,Pecora,,,,,,,,,,,,,,,,,,,,,,,,,,,,
TGQAPGFSYTDANK,,33208,Metazoa,kingdom,2759,Eukaryota,,,33208,Metazoa,,,,,,,,,,,,,,,,,,,,,,,,,,,,,,,,,,,,,,,,,,,,,,,,,,
GDLADPFGGPLEVY,,129337,Geobacillus,genus,2,Bacteria,,,1783272,Bacillati,,,,,1239,Bacillota,,,,,91061,Bacilli,,,,,1385,Bacillales,,,,,,,3120669,Anoxybacillaceae,,,,,,,129337,Geobacillus,,,,,,,,,,,,,,,,
VYGAAVQAALLSGDK,,2491183,Lycopodina hypogea,species,2759,Eukaryota,,,33208,Metazoa,,,,,6040,Porifera,,,,,6042,Demospongiae,1779146,Heteroscleromorpha,,,27925,Poecilosclerida,,,,,,,68559,Cladorhizidae,,,,,,,1924464,Lycopodina,,,,,,,2491183,Lycopodina hypogea,,,,,,,,
NEDEEEEEEEEK,,2759,Eukaryota,domain,2759,Eukaryota,,,,,,,,,,,,,,,,,,,,,,,,,,,,,,,,,,,,,,,,,,,,,,,,,,,,,,
SAGVFAAEGSEASVHAK,,129337,Geobacillus,genus,2,Bacteria,,,1783272,Bacillati,,,,,1239,Bacillota,,,,,91061,Bacilli,,,,,1385,Bacillales,,,,,,,3120669,Anoxybacillaceae,,,,,,,129337,Geobacillus,,,,,,,,,,,,,,,,
RVAEDDEDDDVDTK,,1963758,Myomorpha,suborder,2759,Eukaryota,,,33208,Metazoa,,,,,7711,Chordata,89593,Craniata,8287,Sarcopterygii,40674,Mammalia,,,314146,Euarchontoglires,9989,Rodentia,1963758,Myomorpha,,,,,,,,,,,,,,,,,,,,,,,,,,,,,,
MAAEEHTLQDTGQDR,,8287,Sarcopterygii,superclass,2759,Eukaryota,,,33208,Metazoa,,,,,7711,Chordata,89593,Craniata,8287,Sarcopterygii,,,,,,,,,,,,,,,,,,,,,,,,,,,,,,,,,,,,,,,,
GANGDGSMSQTQSGSTVK,,1224,Pseudomonadota,phylum,2,Bacteria,,,3379134,Pseudomonadati,,,,,1224,Pseudomonadota,,,,,,,,,,,,,,,,,,,,,,,,,,,,,,,,,,,,,,,,,,,,
SGTLACTGSLVNNTANDR,,1224,Pseudomonadota,phylum,2,Bacteria,,,3379134,Pseudomonadati,,,,,1224,Pseudomonadota,,,,,,,,,,,,,,,,,,,,,,,,,,,,,,,,,,,,,,,,,,,,
DDDEDKDEDEEDEEDK,,9480,Callitrichinae,subfamily,2759,Eukaryota,,,33208,Metazoa,,,,,7711,Chordata,89593,Craniata,8287,Sarcopterygii,40674,Mammalia,,,314146,Euarchontoglires,9443,Primates,376913,Haplorrhini,314293,Simiiformes,,,9498,Cebidae,9480,Callitrichinae,,,,,,,,,,,,,,,,,,,,,,
LALHHPNVAEK,,1224,Pseudomonadota,phylum,2,Bacteria,,,3379134,Pseudomonadati,,,,,1224,Pseudomonadota,,,,,,,,,,,,,,,,,,,,,,,,,,,,,,,,,,,,,,,,,,,,
QESGPSLVHRK,,285686,Teranympha mirabilis,species,2759,Eukaryota,,,,,,,,,5719,Parabasalia,,,,,,,,,,,285692,Trichonymphida,,,,,,,285682,Teranymphidae,,,,,,,285685,Teranympha,,,,,,,285686,Teranympha mirabilis,,,,,,,,
DTDSEEELRR,,9371,Echinops telfairi,species,2759,Eukaryota,,,33208,Metazoa,,,,,7711,Chordata,89593,Craniata,8287,Sarcopterygii,40674,Mammalia,,,311790,Afrotheria,3466516,Afrosoricida,,,,,,,9369,Tenrecidae,176113,Tenrecinae,,,,,9370,Echinops,,,,,,,9371,Echinops telfairi,,,,,,,,
ERPDLQLENR,,1801,Mycolicibacterium diernhoferi,species,2,Bacteria,,,1783272,Bacillati,,,,,201174,Actinomycetota,,,,,1760,Actinomycetes,,,,,85007,Mycobacteriales,,,,,,,1762,Mycobacteriaceae,,,,,,,1866885,Mycolicibacterium,,,,,,,1801,Mycolicibacterium diernhoferi,,,,,,,,
RREEEEAEDK,,54126,Pristionchus pacificus,species,2759,Eukaryota,,,33208,Metazoa,,,,,6231,Nematoda,,,,,119089,Chromadorea,,,,,6236,Rhabditida,2301116,Rhabditina,50827,Diplogasteromorpha,2301094,Diplogasteroidea,54124,Neodiplogasteridae,,,,,,,54125,Pristionchus,,,,,,,54126,Pristionchus pacificus,,,,,,,,
RNEDEDSPNKR,,40674,Mammalia,class,2759,Eukaryota,,,33208,Metazoa,,,,,7711,Chordata,89593,Craniata,8287,Sarcopterygii,40674,Mammalia,,,,,,,,,,,,,,,,,,,,,,,,,,,,,,,,,,,,,,
ETGADPGHDQSHHR,,61622,Rhinopithecus roxellana,species,2759,Eukaryota,,,33208,Metazoa,,,,,7711,Chordata,89593,Craniata,8287,Sarcopterygii,40674,Mammalia,,,314146,Euarchontoglires,9443,Primates,376913,Haplorrhini,314293,Simiiformes,314294,Cercopithecoidea,9527,Cercopithecidae,9569,Colobinae,,,,,542827,Rhinopithecus,,,,,,,61622,Rhinopithecus roxellana,,,,,,,,
KKGEREDLLAYLK,,89593,Craniata,subphylum,2759,Eukaryota,,,33208,Metazoa,,,,,7711,Chordata,89593,Craniata,,,,,,,,,,,,,,,,,,,,,,,,,,,,,,,,,,,,,,,,,,
RVAEDDEDDDVDTK,,1963758,Myomorpha,suborder,2759,Eukaryota,,,33208,Metazoa,,,,,7711,Chordata,89593,Craniata,8287,Sarcopterygii,40674,Mammalia,,,314146,Euarchontoglires,9989,Rodentia,1963758,Myomorpha,,,,,,,,,,,,,,,,,,,,,,,,,,,,,,
DKPDNFQLFQSPHGK,,35500,Pecora,infraorder,2759,Eukaryota,,,33208,Metazoa,,,,,7711,Chordata,89593,Craniata,8287,Sarcopterygii,40674,Mammalia,,,314145,Laurasiatheria,91561,Artiodactyla,9845,Ruminantia,35500,Pecora,,,,,,,,,,,,,,,,,,,,,,,,,,,,
QTNNQNWGSQPLAQQPLQAGK,,89593,Craniata,subphylum,2759,Eukaryota,,,33208,Metazoa,,,,,7711,Chordata,89593,Craniata,,,,,,,,,,,,,,,,,,,,,,,,,,,,,,,,,,,,,,,,,,
APNTPASGANGD,,1224,Pseudomonadota,phylum,2,Bacteria,,,3379134,Pseudomonadati,,,,,1224,Pseudomonadota,,,,,,,,,,,,,,,,,,,,,,,,,,,,,,,,,,,,,,,,,,,,
TYLLSGADDR,,363999,Xylaria grammica,species,2759,Eukaryota,,,4751,Fungi,451864,Dikarya,,,4890,Ascomycota,147538,Pezizomycotina,,,147550,Sordariomycetes,222545,Xylariomycetidae,,,37989,Xylariales,,,,,,,37990,Xylariaceae,,,,,,,37991,Xylaria,,,,,,,363999,Xylaria grammica,,,,,,,,
GGGGGGGGGGGSSWGGR,,314145,Laurasiatheria,superorder,2759,Eukaryota,,,33208,Metazoa,,,,,7711,Chordata,89593,Craniata,8287,Sarcopterygii,40674,Mammalia,,,314145,Laurasiatheria,,,,,,,,,,,,,,,,,,,,,,,,,,,,,,,,,,
FSLELEDQER,,2316733,Corallococcus terminator,species,2,Bacteria,,,3379134,Pseudomonadati,,,,,2818505,Myxococcota,,,,,32015,Myxococcia,,,,,29,Myxococcales,80811,Cystobacterineae,,,,,31,Myxococcaceae,,,,,,,83461,Corallococcus,,,,,,,2316733,Corallococcus terminator,,,,,,,,
EKPDSSLPETSK,,314293,Simiiformes,infraorder,2759,Eukaryota,,,33208,Metazoa,,,,,7711,Chordata,89593,Craniata,8287,Sarcopterygii,40674,Mammalia,,,314146,Euarchontoglires,9443,Primates,376913,Haplorrhini,314293,Simiiformes,,,,,,,,,,,,,,,,,,,,,,,,,,,,
CCHSYQESTK,,47526,Unionidae,family,2759,Eukaryota,,,33208,Metazoa,,,,,6447,Mollusca,,,,,6544,Bivalvia,2785011,Autobranchia,47520,Palaeoheterodonta,47521,Unionida,,,,,47522,Unionoidea,47526,Unionidae,,,,,,,,,,,,,,,,,,,,,,,,
TTGTGACGEQEEK,,314145,Laurasiatheria,superorder,2759,Eukaryota,,,33208,Metazoa,,,,,7711,Chordata,89593,Craniata,8287,Sarcopterygii,40674,Mammalia,,,314145,Laurasiatheria,,,,,,,,,,,,,,,,,,,,,,,,,,,,,,,,,,
DLLTSNNLEVEK,,40674,Mammalia,class,2759,Eukaryota,,,33208,Metazoa,,,,,7711,Chordata,89593,Craniata,8287,Sarcopterygii,40674,Mammalia,,,,,,,,,,,,,,,,,,,,,,,,,,,,,,,,,,,,,,
TGSLVNNTANDRK,,1224,Pseudomonadota,phylum,2,Bacteria,,,3379134,Pseudomonadati,,,,,1224,Pseudomonadota,,,,,,,,,,,,,,,,,,,,,,,,,,,,,,,,,,,,,,,,,,,,
KGEREDLLAYLK,,89593,Craniata,subphylum,2759,Eukaryota,,,33208,Metazoa,,,,,7711,Chordata,89593,Craniata,,,,,,,,,,,,,,,,,,,,,,,,,,,,,,,,,,,,,,,,,,
TGQAPGFSYTDANK,,33208,Metazoa,kingdom,2759,Eukaryota,,,33208,Metazoa,,,,,,,,,,,,,,,,,,,,,,,,,,,,,,,,,,,,,,,,,,,,,,,,,,
TSESLCELNNNSK,,1868482,Carlito syrichta,species,2759,Eukaryota,,,33208,Metazoa,,,,,7711,Chordata,89593,Craniata,8287,Sarcopterygii,40674,Mammalia,,,314146,Euarchontoglires,9443,Primates,376913,Haplorrhini,376912,Tarsiiformes,,,9475,Tarsiidae,,,,,,,1868481,Carlito,,,,,,,1868482,Carlito syrichta,,,,,,,,
NADPSDSGLYCCR,,9903,Bos,genus,2759,Eukaryota,,,33208,Metazoa,,,,,7711,Chordata,89593,Craniata,8287,Sarcopterygii,40674,Mammalia,,,314145,Laurasiatheria,91561,Artiodactyla,9845,Ruminantia,35500,Pecora,,,9895,Bovidae,27592,Bovinae,,,,,9903,Bos,,,,,,,,,,,,,,,,
GDLADPFGGPLEVYR,,129337,Geobacillus,genus,2,Bacteria,,,1783272,Bacillati,,,,,1239,Bacillota,,,,,91061,Bacilli,,,,,1385,Bacillales,,,,,,,3120669,Anoxybacillaceae,,,,,,,129337,Geobacillus,,,,,,,,,,,,,,,,
GEADAMSLDGGYLYLAGK,,33208,Metazoa,kingdom,2759,Eukaryota,,,33208,Metazoa,,,,,,,,,,,,,,,,,,,,,,,,,,,,,,,,,,,,,,,,,,,,,,,,,,
VLGQLHGGPSSCSATGTNR,,1224,Pseudomonadota,phylum,2,Bacteria,,,3379134,Pseudomonadati,,,,,1224,Pseudomonadota,,,,,,,,,,,,,,,,,,,,,,,,,,,,,,,,,,,,,,,,,,,,
SGTLACTGSLVNNTANDRK,,1224,Pseudomonadota,phylum,2,Bacteria,,,3379134,Pseudomonadati,,,,,1224,Pseudomonadota,,,,,,,,,,,,,,,,,,,,,,,,,,,,,,,,,,,,,,,,,,,,
DQNYPGALALHHPNVAEK,,1224,Pseudomonadota,phylum,2,Bacteria,,,3379134,Pseudomonadati,,,,,1224,Pseudomonadota,,,,,,,,,,,,,,,,,,,,,,,,,,,,,,,,,,,,,,,,,,,,
SKYPLEHGLLTNWDDMEK,,1378109,Nautilocaris saintlaurentae,species,2759,Eukaryota,,,33208,Metazoa,,,,,6656,Arthropoda,6657,Crustacea,2172821,Multicrustacea,6681,Malacostraca,72041,Eumalacostraca,6682,Eucarida,6683,Decapoda,6692,Pleocyemata,6694,Caridea,115575,Bresilioidea,1094902,Alvinocarididae,,,,,,,1378108,Nautilocaris,,,,,,,1378109,Nautilocaris saintlaurentae,,,,,,,,
SHPLLYVSSK,,40674,Mammalia,class,2759,Eukaryota,,,33208,Metazoa,,,,,7711,Chordata,89593,Craniata,8287,Sarcopterygii,40674,Mammalia,,,,,,,,,,,,,,,,,,,,,,,,,,,,,,,,,,,,,,
SKPTVSSALELK,,40674,Mammalia,class,2759,Eukaryota,,,33208,Metazoa,,,,,7711,Chordata,89593,Craniata,8287,Sarcopterygii,40674,Mammalia,,,,,,,,,,,,,,,,,,,,,,,,,,,,,,,,,,,,,,
GEREDLLAYLK,,89593,Craniata,subphylum,2759,Eukaryota,,,33208,Metazoa,,,,,7711,Chordata,89593,Craniata,,,,,,,,,,,,,,,,,,,,,,,,,,,,,,,,,,,,,,,,,,
EDTEEHHLRR,,59479,Rhinolophus ferrumequinum,species,2759,Eukaryota,,,33208,Metazoa,,,,,7711,Chordata,89593,Craniata,8287,Sarcopterygii,40674,Mammalia,,,314145,Laurasiatheria,9397,Chiroptera,30559,Yinpterochiroptera,,,3136022,Rhinolophoidea,58055,Rhinolophidae,186995,Rhinolophinae,,,,,49442,Rhinolophus,,,,,,,59479,Rhinolophus ferrumequinum,,,,,,,,
YHQEYMGLDLK,,9903,Bos,genus,2759,Eukaryota,,,33208,Metazoa,,,,,7711,Chordata,89593,Craniata,8287,Sarcopterygii,40674,Mammalia,,,314145,Laurasiatheria,91561,Artiodactyla,9845,Ruminantia,35500,Pecora,,,9895,Bovidae,27592,Bovinae,,,,,9903,Bos,,,,,,,,,,,,,,,,
AARDELETLLDR,,129337,Geobacillus,genus,2,Bacteria,,,1783272,Bacillati,,,,,1239,Bacillota,,,,,91061,Bacilli,,,,,1385,Bacillales,,,,,,,3120669,Anoxybacillaceae,,,,,,,129337,Geobacillus,,,,,,,,,,,,,,,,
KGEREDLLAYLK,,89593,Craniata,subphylum,2759,Eukaryota,,,33208,Metazoa,,,,,7711,Chordata,89593,Craniata,,,,,,,,,,,,,,,,,,,,,,,,,,,,,,,,,,,,,,,,,,
KGEREDLLAYLK,,89593,Craniata,subphylum,2759,Eukaryota,,,33208,Metazoa,,,,,7711,Chordata,89593,Craniata,,,,,,,,,,,,,,,,,,,,,,,,,,,,,,,,,,,,,,,,,,
VHDFLAYSSTGEK,,314293,Simiiformes,infraorder,2759,Eukaryota,,,33208,Metazoa,,,,,7711,Chordata,89593,Craniata,8287,Sarcopterygii,40674,Mammalia,,,314146,Euarchontoglires,9443,Primates,376913,Haplorrhini,314293,Simiiformes,,,,,,,,,,,,,,,,,,,,,,,,,,,,
NNASTDYDLSDKR,,37293,Aotus nancymaae,species,2759,Eukaryota,,,33208,Metazoa,,,,,7711,Chordata,89593,Craniata,8287,Sarcopterygii,40674,Mammalia,,,314146,Euarchontoglires,9443,Primates,376913,Haplorrhini,314293,Simiiformes,,,376918,Aotidae,,,,,,,9504,Aotus,,,,,,,37293,Aotus nancymaae,,,,,,,,
YPGALALHHPNVAEK,,1224,Pseudomonadota,phylum,2,Bacteria,,,3379134,Pseudomonadati,,,,,1224,Pseudomonadota,,,,,,,,,,,,,,,,,,,,,,,,,,,,,,,,,,,,,,,,,,,,
RDQNYPGALALHHPN,,1224,Pseudomonadota,phylum,2,Bacteria,,,3379134,Pseudomonadati,,,,,1224,Pseudomonadota,,,,,,,,,,,,,,,,,,,,,,,,,,,,,,,,,,,,,,,,,,,,
SHLPSDFTPAVHASLDK,,40674,Mammalia,class,2759,Eukaryota,,,33208,Metazoa,,,,,7711,Chordata,89593,Craniata,8287,Sarcopterygii,40674,Mammalia,,,,,,,,,,,,,,,,,,,,,,,,,,,,,,,,,,,,,,
SGTLACTGSLVNNTANDRK,,1224,Pseudomonadota,phylum,2,Bacteria,,,3379134,Pseudomonadati,,,,,1224,Pseudomonadota,,,,,,,,,,,,,,,,,,,,,,,,,,,,,,,,,,,,,,,,,,,,
SGTLACTGSLVNNTANDRK,,1224,Pseudomonadota,phylum,2,Bacteria,,,3379134,Pseudomonadati,,,,,1224,Pseudomonadota,,,,,,,,,,,,,,,,,,,,,,,,,,,,,,,,,,,,,,,,,,,,
HMVLLEFVTAAGLTLGMDELYK,,1,root,no rank,,,,,,,,,,,,,,,,,,,,,,,,,,,,,,,,,,,,,,,,,,,,,,,,,,,,,,,,
LNVQWQPSGGVTEPGSSGSPLYSPEK,,1224,Pseudomonadota,phylum,2,Bacteria,,,3379134,Pseudomonadati,,,,,1224,Pseudomonadota,,,,,,,,,,,,,,,,,,,,,,,,,,,,,,,,,,,,,,,,,,,,
GVLQGHAVQETDDTSHQEAACHK,,9895,Bovidae,family,2759,Eukaryota,,,33208,Metazoa,,,,,7711,Chordata,89593,Craniata,8287,Sarcopterygii,40674,Mammalia,,,314145,Laurasiatheria,91561,Artiodactyla,9845,Ruminantia,35500,Pecora,,,9895,Bovidae,,,,,,,,,,,,,,,,,,,,,,,,
